0.232227 0.238994
0.265403 0.245283
0.298578 0.251572
0.345972 0.257862
0.398104 0.257862
0.450237 0.264151
0.488152 0.264151
0.526066 0.264151
0.559242 0.27044
0.592417 0.27044
0.616114 0.27044
0.625592 0.27044
0.635071 0.27044
0.63981 0.27044
0.64455 0.27044
0.649289 0.27044
0.654028 0.27044
0.658768 0.27044
0.663507 0.27044
0.668246 0.27044
0.672986 0.27044
0.672986 0.27673
0.668246 0.295597
0.658768 0.308176
0.654028 0.320755
0.64455 0.339623
0.63981 0.36478
0.630332 0.383648
0.625592 0.396226
0.616114 0.408805
0.611374 0.427673
0.601896 0.433962
0.597156 0.446541
0.587678 0.471698
0.578199 0.477987
0.563981 0.515723
0.554502 0.534591
0.535545 0.584906
0.521327 0.616352
0.507109 0.647799
0.50237 0.654088
0.49763 0.672956
0.492891 0.679245
0.488152 0.698113
0.488152 0.710692
0.483412 0.735849
0.478673 0.748428
0.478673 0.761006
0.473934 0.773585
0.473934 0.779874
0.473934 0.798742
0.473934 0.805031
0.473934 0.811321
0.464455 0.811321
0.454976 0.792453
0.440758 0.773585
0.42654 0.735849
0.417062 0.72327
0.383886 0.672956
0.364929 0.647799
0.350711 0.628931
0.331754 0.597484
0.322275 0.591195
0.308057 0.559748
0.298578 0.534591
0.2891 0.522013
0.279621 0.503145
0.274882 0.496855
0.274882 0.484277
0.265403 0.459119
0.260664 0.446541
0.241706 0.421384
0.236967 0.402516
0.236967 0.396226
0.232227 0.389937
0.227488 0.377358
0.227488 0.371069
0.218009 0.345912
0.21327 0.320755
0.203791 0.301887
0.194313 0.27673
0.184834 0.257862
0.184834 0.251572
0.184834 0.251572
