0.440758 0.220126
0.436019 0.226415
0.43128 0.238994
0.42654 0.251572
0.417062 0.257862
0.412322 0.27673
0.398104 0.289308
0.388626 0.301887
0.379147 0.327044
0.369668 0.339623
0.364929 0.352201
0.35545 0.36478
0.350711 0.383648
0.341232 0.396226
0.336493 0.408805
0.322275 0.421384
0.317536 0.427673
0.308057 0.440252
0.303318 0.45283
0.298578 0.459119
0.2891 0.471698
0.28436 0.477987
0.279621 0.484277
0.279621 0.490566
0.274882 0.496855
0.274882 0.503145
0.270142 0.509434
0.265403 0.522013
0.265403 0.528302
0.260664 0.534591
0.260664 0.54717
0.255924 0.54717
0.255924 0.553459
0.265403 0.553459
0.28436 0.54717
0.308057 0.54717
0.336493 0.540881
0.36019 0.540881
0.393365 0.534591
0.43128 0.534591
0.521327 0.534591
0.535545 0.534591
0.554502 0.534591
0.559242 0.534591
0.563981 0.528302
0.56872 0.528302
0.578199 0.522013
0.606635 0.522013
0.635071 0.515723
0.658768 0.515723
0.7109 0.515723
0.729858 0.515723
0.748815 0.515723
0.758294 0.515723
0.758294 0.509434
0.748815 0.503145
0.744076 0.496855
0.720379 0.471698
0.7109 0.465409
0.682464 0.446541
0.654028 0.433962
0.597156 0.396226
0.582938 0.389937
0.57346 0.377358
0.559242 0.358491
0.554502 0.352201
0.549763 0.339623
0.540284 0.327044
0.516588 0.301887
0.507109 0.283019
0.507109 0.27673
0.483412 0.251572
0.469194 0.226415
0.459716 0.220126
0.459716 0.220126
