0.180095 0.45283
0.184834 0.459119
0.218009 0.490566
0.241706 0.515723
0.270142 0.528302
0.322275 0.584906
0.350711 0.622642
0.379147 0.654088
0.407583 0.685535
0.43128 0.716981
0.469194 0.754717
0.478673 0.767296
0.488152 0.779874
0.49763 0.792453
0.50237 0.798742
0.507109 0.811321
0.516588 0.81761
0.516588 0.823899
0.521327 0.823899
0.526066 0.823899
0.526066 0.811321
0.535545 0.798742
0.540284 0.786164
0.554502 0.761006
0.578199 0.72956
0.606635 0.704403
0.635071 0.666667
0.658768 0.641509
0.682464 0.616352
0.701422 0.584906
0.701422 0.572327
0.7109 0.559748
0.7109 0.54717
0.7109 0.540881
0.71564 0.540881
0.720379 0.528302
0.720379 0.522013
0.729858 0.503145
0.729858 0.496855
0.729858 0.490566
0.729858 0.484277
0.729858 0.477987
0.734597 0.471698
0.739336 0.45283
0.744076 0.446541
0.748815 0.433962
0.753555 0.427673
0.753555 0.421384
0.753555 0.421384
