0.165877 0.540881
0.180095 0.528302
0.194313 0.515723
0.222749 0.471698
0.246445 0.440252
0.270142 0.402516
0.298578 0.36478
0.322275 0.327044
0.336493 0.289308
0.35545 0.251572
0.374408 0.213836
0.383886 0.18239
0.393365 0.169811
0.407583 0.150943
0.412322 0.138365
0.412322 0.132075
0.417062 0.125786
0.421801 0.144654
0.421801 0.157233
0.43128 0.18239
0.436019 0.220126
0.445498 0.251572
0.454976 0.289308
0.464455 0.327044
0.478673 0.371069
0.50237 0.408805
0.530806 0.446541
0.57346 0.484277
0.582938 0.496855
0.587678 0.503145
0.592417 0.515723
0.592417 0.522013
0.597156 0.528302
0.597156 0.54717
0.601896 0.54717
0.601896 0.553459
0.601896 0.553459
