0.331754 0.144654
0.322275 0.150943
0.308057 0.169811
0.28436 0.18239
0.265403 0.194969
0.236967 0.220126
0.208531 0.238994
0.180095 0.264151
0.151659 0.289308
0.132701 0.308176
0.118483 0.320755
0.104265 0.333333
0.0995261 0.339623
0.0995261 0.345912
0.0947867 0.352201
0.0947867 0.358491
0.0853081 0.371069
0.0805687 0.377358
0.0805687 0.383648
0.0758294 0.383648
0.0758294 0.389937
0.0900474 0.402516
0.104265 0.421384
0.127962 0.446541
0.151659 0.471698
0.175355 0.503145
0.203791 0.540881
0.222749 0.572327
0.241706 0.610063
0.260664 0.628931
0.270142 0.654088
0.279621 0.666667
0.28436 0.672956
0.2891 0.672956
0.2891 0.672956
