0.696682 0.150943
0.706161 0.157233
0.720379 0.18239
0.744076 0.226415
0.758294 0.251572
0.772512 0.289308
0.800948 0.345912
0.805687 0.352201
0.815166 0.358491
0.819905 0.371069
0.824645 0.377358
0.829384 0.383648
0.834123 0.389937
0.848341 0.408805
0.853081 0.415094
0.862559 0.427673
0.867299 0.433962
0.881517 0.45283
0.886256 0.459119
0.895735 0.465409
0.895735 0.471698
0.895735 0.477987
0.890995 0.484277
0.886256 0.490566
0.876777 0.503145
0.853081 0.522013
0.843602 0.528302
0.834123 0.540881
0.819905 0.54717
0.805687 0.566038
0.796209 0.578616
0.78673 0.591195
0.777251 0.603774
0.772512 0.610063
0.772512 0.622642
0.763033 0.628931
0.763033 0.63522
0.758294 0.641509
0.748815 0.654088
0.748815 0.660377
0.748815 0.666667
0.744076 0.666667
0.744076 0.672956
0.739336 0.672956
0.734597 0.679245
0.720379 0.691824
0.71564 0.698113
0.71564 0.704403
0.71564 0.710692
0.7109 0.710692
0.7109 0.710692
